Width 20
Height 20
1 1 1 1 1 1 1 1 1 1 1 1 1 1 1 1 1 1 1 1 
1 0 5 0 1 4 0 0 0 0 0 0 0 0 1 4 4 0 0 1 
1 0 4 0 1 1 0 0 0 0 0 3 0 0 1 0 0 1 0 1 
1 0 1 0 0 0 0 0 0 0 1 1 1 1 1 0 1 0 0 1 
1 0 1 0 0 0 0 0 0 0 0 1 4 0 0 0 0 0 0 1 
1 3 0 3 0 0 0 0 0 0 0 0 0 4 4 0 4 4 4 1 
1 1 1 1 1 1 1 0 0 0 0 0 0 0 0 0 0 0 0 1 
1 4 4 0 0 0 0 4 0 0 0 0 0 3 0 0 1 0 0 1 
1 0 0 0 4 0 0 1 0 4 0 0 1 1 1 1 0 0 0 1 
1 3 0 0 0 0 0 0 0 0 0 4 1 4 0 0 0 0 0 1 
1 1 1 1 0 0 4 0 1 0 0 0 1 0 4 0 0 0 1 1 
1 2 0 0 1 0 0 0 4 0 0 0 4 0 0 0 0 1 0 1 
1 0 4 0 0 0 0 0 0 0 0 3 0 0 0 0 1 4 4 1 
1 0 0 0 1 0 0 0 1 0 1 1 1 0 0 1 0 0 0 1 
1 1 1 1 0 0 0 0 1 0 4 0 1 0 0 0 4 0 1 1 
1 4 4 4 0 0 0 0 1 0 0 0 0 0 0 1 0 0 4 1 
1 0 0 0 0 4 1 1 0 0 0 0 0 3 0 0 1 0 0 1 
1 0 1 0 0 1 4 0 4 0 1 0 1 1 1 4 4 1 4 1 
1 0 4 0 0 1 0 4 0 0 0 3 0 0 0 0 0 0 1 1 
1 1 1 1 1 1 1 1 1 1 1 1 1 1 1 1 1 1 1 1 
