Started Wye
Initializing...
Graphics inited
Set Main Camera
Camera: Look: [0, 0, 0], Up: [0, 1, 0]
removed Main Camera
Loaded Texture: ..\assets\new\bullet12.png
Loaded Texture: ..\assets\new\bomb121.png
Loaded Texture: ..\assets\new\heart1.png
Loaded Texture: ..\assets\new\cursor1.png
Loaded Texture: ..\assets\new\cursor2.png
Loaded Texture: ..\assets\new\wall.jpg
Loaded Texture: ..\assets\new\wall4.jpg
Loaded Texture: ..\assets\new\block11.jpg
Loaded Texture: ..\assets\new\block12.jpg
Loaded Texture: ..\assets\new\block13.jpg
Loaded Texture: ..\assets\new\crown.png
Loaded Texture: ..\assets\new\block15.jpg
Loaded Texture: ..\assets\new\block16.jpg
Loaded Texture: ..\assets\new\block172.png
Loaded Texture: ..\assets\new\bullet2.png
Loaded Texture: ..\assets\new\bomb2.png
Loaded Texture: ..\assets\new\alphacircle.png
Loaded Texture: ..\assets\new\controls.png
Loaded Texture: ..\assets\new\gold-coin.png
Loaded Texture: ..\assets\new\gamelost.png
Loaded Texture: ..\assets\new\gamewin.png
Loaded Texture: ..\assets\new\green-key.png
Loading Shader: ../Shaders/Multiplicative.fx
Loading Shader: ../Shaders/Debug.fx
Loading Shader: ../Shaders/Shader1.fx
Loading Shader: ../Shaders/HalfShade.fx
Creating map of: 32x24
Extents: [12.5, 300, 12.5]
Extents: [12.5, 300, 12.5]
Extents: [400, 12.5, 12]
Extents: [400, 12.5, 12]
MovieClip: Frames: 3
Controller: Speed: 200
Created Key: parent: 883
Key x: 10, y: 3
Created Key: parent: 2148
Key x: 28, y: 7
Created Key: parent: 5362
Key x: 22, y: 21
Creating Compositions-----------------------:
---------cs_1--------
Set Main Camera
New Obj Created: Arch: a_1, Pos: [0, 0, -50], Rot: [0, 0, 0], Scale: [1, 1, 1]
Camera: Look: [0, 0, 0], Up: [0, 1, 0]
---------cs_3--------
New Obj Created: Arch: a_13, Pos: [-400, 350, 1], Rot: [0, 0, 0], Scale: [1, 1, 1]
Finished-----------------------------------
Activating window...
Starting Game loop...
New Obj Created: Arch: a_14, Pos: [-400, 300, 1], Rot: [0, 0, 0], Scale: [1, 1, 1]
Collided with Gold
Gold Collided with Hero
Collided with Gold
Gold Collided with Hero
Collided with Gold
Gold Collided with Hero
Collided with Gold
Gold Collided with Hero
coords: [4, 9], val: 0
COLLISION MAP:
[256, 256, 256, 256, 256, 256, 256, 256, 256, 256, 256, 256, 256, 256, 256, 256, 256, 256, 256, 256, 256, 256, 256, 256, 256, 256, 256, 256, 256, 256, 256, 256, ]
[256, 0, 0, 0, 0, 0, 512, 0, 0, 512, 512, 512, 512, 0, 0, 0, 0, 0, 0, 0, 0, 0, 0, 0, 0, 0, 0, 0, 0, 128, 0, 256, ]
[256, 128, 128, 128, 128, 0, 128, 128, 0, 0, 0, 0, 0, 0, 128, 128, 128, 0, 128, 128, 128, 0, 128, 0, 0, 0, 0, 128, 0, 0, 0, 256, ]
[256, 0, 0, 0, 0, 0, 0, 128, 0, 0, 1024, 0, 512, 0, 0, 128, 0, 0, 0, 0, 0, 0, 0, 0, 0, 0, 128, 128, 128, 128, 128, 256, ]
[256, 0, 128, 512, 128, 0, 512, 128, 0, 128, 128, 128, 512, 128, 0, 512, 512, 512, 512, 0, 128, 128, 0, 0, 0, 128, 128, 512, 128, 512, 128, 256, ]
[256, 512, 128, 0, 128, 0, 128, 0, 0, 0, 128, 0, 512, 128, 128, 512, 0, 128, 128, 0, 0, 128, 0, 0, 0, 0, 128, 512, 128, 512, 128, 256, ]
[256, 512, 128, 0, 0, 0, 128, 128, 0, 0, 128, 0, 128, 128, 0, 128, 0, 512, 0, 0, 128, 128, 128, 0, 128, 128, 128, 512, 0, 512, 512, 256, ]
[256, 0, 0, 0, 0, 0, 0, 128, 0, 128, 0, 0, 0, 0, 0, 128, 0, 512, 128, 128, 0, 0, 0, 0, 0, 0, 0, 512, 1024, 128, 512, 256, ]
[256, 128, 0, 0, 0, 0, 0, 128, 0, 128, 0, 0, 0, 128, 0, 128, 0, 512, 0, 128, 0, 0, 0, 128, 128, 128, 0, 0, 0, 128, 512, 256, ]
[256, 128, 0, 0, 32, 0, 0, 0, 0, 128, 0, 0, 0, 128, 0, 128, 128, 128, 128, 128, 0, 128, 0, 0, 0, 128, 0, 0, 0, 128, 0, 256, ]
[256, 0, 128, 128, 0, 128, 128, 128, 0, 128, 128, 0, 0, 128, 128, 512, 128, 128, 0, 0, 0, 128, 0, 0, 0, 128, 128, 0, 0, 128, 0, 256, ]
[256, 0, 512, 512, 0, 0, 0, 128, 0, 0, 128, 0, 0, 0, 512, 512, 512, 512, 0, 128, 0, 128, 0, 0, 0, 0, 128, 0, 0, 0, 0, 256, ]
[256, 0, 512, 512, 128, 128, 0, 128, 0, 0, 128, 128, 128, 0, 0, 0, 64, 0, 0, 0, 0, 0, 128, 128, 128, 0, 128, 0, 128, 128, 128, 256, ]
[256, 0, 0, 0, 0, 0, 0, 0, 0, 0, 0, 0, 0, 0, 0, 0, 0, 0, 0, 0, 128, 0, 0, 0, 0, 0, 128, 0, 0, 0, 128, 256, ]
[256, 512, 128, 128, 128, 128, 0, 0, 0, 0, 0, 0, 0, 0, 0, 128, 0, 0, 128, 0, 128, 0, 0, 0, 0, 0, 128, 0, 0, 0, 0, 256, ]
[256, 128, 128, 0, 128, 512, 512, 128, 128, 128, 0, 0, 0, 128, 128, 128, 0, 0, 128, 0, 0, 0, 0, 0, 128, 128, 128, 128, 128, 0, 0, 256, ]
[256, 0, 0, 0, 0, 0, 0, 0, 0, 128, 0, 128, 0, 128, 512, 128, 128, 128, 128, 0, 128, 0, 0, 128, 0, 0, 0, 128, 512, 128, 0, 256, ]
[256, 128, 128, 0, 0, 0, 0, 128, 0, 128, 128, 128, 128, 128, 512, 0, 128, 512, 128, 0, 128, 0, 0, 0, 0, 128, 0, 0, 0, 0, 0, 256, ]
[256, 512, 512, 0, 0, 0, 0, 128, 0, 128, 512, 512, 512, 128, 512, 0, 128, 512, 128, 0, 128, 128, 128, 128, 128, 128, 0, 128, 0, 0, 0, 256, ]
[256, 0, 128, 128, 0, 0, 0, 0, 128, 0, 128, 0, 0, 0, 128, 0, 64, 0, 128, 0, 0, 0, 0, 0, 0, 128, 0, 128, 128, 128, 128, 256, ]
[256, 0, 0, 0, 0, 128, 0, 0, 0, 0, 128, 0, 0, 0, 128, 128, 128, 0, 128, 128, 128, 128, 128, 128, 0, 128, 0, 128, 512, 512, 0, 256, ]
[256, 128, 128, 0, 128, 128, 0, 0, 0, 128, 128, 0, 128, 128, 128, 512, 128, 128, 512, 512, 128, 512, 1024, 128, 0, 128, 0, 128, 512, 128, 512, 256, ]
[256, 0, 0, 64, 0, 128, 0, 0, 0, 0, 0, 0, 128, 0, 0, 0, 0, 0, 0, 0, 0, 512, 128, 128, 0, 0, 0, 128, 0, 512, 512, 256, ]
[256, 256, 256, 256, 256, 256, 256, 256, 256, 256, 256, 256, 256, 256, 256, 256, 256, 256, 256, 256, 256, 256, 256, 256, 256, 256, 256, 256, 256, 256, 256, 256, ]
On ground: 0
coords: [4, 9], val: 0
COLLISION MAP:
[256, 256, 256, 256, 256, 256, 256, 256, 256, 256, 256, 256, 256, 256, 256, 256, 256, 256, 256, 256, 256, 256, 256, 256, 256, 256, 256, 256, 256, 256, 256, 256, ]
[256, 0, 0, 0, 0, 0, 512, 0, 0, 512, 512, 512, 512, 0, 0, 0, 0, 0, 0, 0, 0, 0, 0, 0, 0, 0, 0, 0, 0, 128, 0, 256, ]
[256, 128, 128, 128, 128, 0, 128, 128, 0, 0, 0, 0, 0, 0, 128, 128, 128, 0, 128, 128, 128, 0, 128, 0, 0, 0, 0, 128, 0, 0, 0, 256, ]
[256, 0, 0, 0, 0, 0, 0, 128, 0, 0, 1024, 0, 512, 0, 0, 128, 0, 0, 0, 0, 0, 0, 0, 0, 0, 0, 128, 128, 128, 128, 128, 256, ]
[256, 0, 128, 512, 128, 0, 512, 128, 0, 128, 128, 128, 512, 128, 0, 512, 512, 512, 512, 0, 128, 128, 0, 0, 0, 128, 128, 512, 128, 512, 128, 256, ]
[256, 512, 128, 0, 128, 0, 128, 0, 0, 0, 128, 0, 512, 128, 128, 512, 0, 128, 128, 0, 0, 128, 0, 0, 0, 0, 128, 512, 128, 512, 128, 256, ]
[256, 512, 128, 0, 0, 0, 128, 128, 0, 0, 128, 0, 128, 128, 0, 128, 0, 512, 0, 0, 128, 128, 128, 0, 128, 128, 128, 512, 0, 512, 512, 256, ]
[256, 0, 0, 0, 0, 0, 0, 128, 0, 128, 0, 0, 0, 0, 0, 128, 0, 512, 128, 128, 0, 0, 0, 0, 0, 0, 0, 512, 1024, 128, 512, 256, ]
[256, 128, 0, 0, 0, 0, 0, 128, 0, 128, 0, 0, 0, 128, 0, 128, 0, 512, 0, 128, 0, 0, 0, 128, 128, 128, 0, 0, 0, 128, 512, 256, ]
[256, 128, 0, 0, 32, 0, 0, 0, 0, 128, 0, 0, 0, 128, 0, 128, 128, 128, 128, 128, 0, 128, 0, 0, 0, 128, 0, 0, 0, 128, 0, 256, ]
[256, 0, 128, 128, 0, 128, 128, 128, 0, 128, 128, 0, 0, 128, 128, 512, 128, 128, 0, 0, 0, 128, 0, 0, 0, 128, 128, 0, 0, 128, 0, 256, ]
[256, 0, 512, 512, 0, 0, 0, 128, 0, 0, 128, 0, 0, 0, 512, 512, 512, 512, 0, 128, 0, 128, 0, 0, 0, 0, 128, 0, 0, 0, 0, 256, ]
[256, 0, 512, 512, 128, 128, 0, 128, 0, 0, 128, 128, 128, 0, 0, 0, 64, 0, 0, 0, 0, 0, 128, 128, 128, 0, 128, 0, 128, 128, 128, 256, ]
[256, 0, 0, 0, 0, 0, 0, 0, 0, 0, 0, 0, 0, 0, 0, 0, 0, 0, 0, 0, 128, 0, 0, 0, 0, 0, 128, 0, 0, 0, 128, 256, ]
[256, 512, 128, 128, 128, 128, 0, 0, 0, 0, 0, 0, 0, 0, 0, 128, 0, 0, 128, 0, 128, 0, 0, 0, 0, 0, 128, 0, 0, 0, 0, 256, ]
[256, 128, 128, 0, 128, 512, 512, 128, 128, 128, 0, 0, 0, 128, 128, 128, 0, 0, 128, 0, 0, 0, 0, 0, 128, 128, 128, 128, 128, 0, 0, 256, ]
[256, 0, 0, 0, 0, 0, 0, 0, 0, 128, 0, 128, 0, 128, 512, 128, 128, 128, 128, 0, 128, 0, 0, 128, 0, 0, 0, 128, 512, 128, 0, 256, ]
[256, 128, 128, 0, 0, 0, 0, 128, 0, 128, 128, 128, 128, 128, 512, 0, 128, 512, 128, 0, 128, 0, 0, 0, 0, 128, 0, 0, 0, 0, 0, 256, ]
[256, 512, 512, 0, 0, 0, 0, 128, 0, 128, 512, 512, 512, 128, 512, 0, 128, 512, 128, 0, 128, 128, 128, 128, 128, 128, 0, 128, 0, 0, 0, 256, ]
[256, 0, 128, 128, 0, 0, 0, 0, 128, 0, 128, 0, 0, 0, 128, 64, 0, 0, 128, 0, 0, 0, 0, 0, 0, 128, 0, 128, 128, 128, 128, 256, ]
[256, 0, 0, 0, 0, 128, 0, 0, 0, 0, 128, 0, 0, 0, 128, 128, 128, 0, 128, 128, 128, 128, 128, 128, 0, 128, 0, 128, 512, 512, 0, 256, ]
[256, 128, 128, 0, 128, 128, 0, 0, 0, 128, 128, 0, 128, 128, 128, 512, 128, 128, 512, 512, 128, 512, 1024, 128, 0, 128, 0, 128, 512, 128, 512, 256, ]
[256, 0, 0, 64, 0, 128, 0, 0, 0, 0, 0, 0, 128, 0, 0, 0, 0, 0, 0, 0, 0, 512, 128, 128, 0, 0, 0, 128, 0, 512, 512, 256, ]
[256, 256, 256, 256, 256, 256, 256, 256, 256, 256, 256, 256, 256, 256, 256, 256, 256, 256, 256, 256, 256, 256, 256, 256, 256, 256, 256, 256, 256, 256, 256, 256, ]
On ground: 0
coords: [4, 9], val: 0
COLLISION MAP:
[256, 256, 256, 256, 256, 256, 256, 256, 256, 256, 256, 256, 256, 256, 256, 256, 256, 256, 256, 256, 256, 256, 256, 256, 256, 256, 256, 256, 256, 256, 256, 256, ]
[256, 0, 0, 0, 0, 0, 512, 0, 0, 512, 512, 512, 512, 0, 0, 0, 0, 0, 0, 0, 0, 0, 0, 0, 0, 0, 0, 0, 0, 128, 0, 256, ]
[256, 128, 128, 128, 128, 0, 128, 128, 0, 0, 0, 0, 0, 0, 128, 128, 128, 0, 128, 128, 128, 0, 128, 0, 0, 0, 0, 128, 0, 0, 0, 256, ]
[256, 0, 0, 0, 0, 0, 0, 128, 0, 0, 1024, 0, 512, 0, 0, 128, 0, 0, 0, 0, 0, 0, 0, 0, 0, 0, 128, 128, 128, 128, 128, 256, ]
[256, 0, 128, 512, 128, 0, 512, 128, 0, 128, 128, 128, 512, 128, 0, 512, 512, 512, 512, 0, 128, 128, 0, 0, 0, 128, 128, 512, 128, 512, 128, 256, ]
[256, 512, 128, 0, 128, 0, 128, 0, 0, 0, 128, 0, 512, 128, 128, 512, 0, 128, 128, 0, 0, 128, 0, 0, 0, 0, 128, 512, 128, 512, 128, 256, ]
[256, 512, 128, 0, 0, 0, 128, 128, 0, 0, 128, 0, 128, 128, 0, 128, 0, 512, 0, 0, 128, 128, 128, 0, 128, 128, 128, 512, 0, 512, 512, 256, ]
[256, 0, 0, 0, 0, 0, 0, 128, 0, 128, 0, 0, 0, 0, 0, 128, 0, 512, 128, 128, 0, 0, 0, 0, 0, 0, 0, 512, 1024, 128, 512, 256, ]
[256, 128, 0, 0, 0, 0, 0, 128, 0, 128, 0, 0, 0, 128, 0, 128, 0, 512, 0, 128, 0, 0, 0, 128, 128, 128, 0, 0, 0, 128, 512, 256, ]
[256, 128, 0, 0, 32, 0, 0, 0, 0, 128, 0, 0, 0, 128, 0, 128, 128, 128, 128, 128, 0, 128, 0, 0, 0, 128, 0, 0, 0, 128, 0, 256, ]
[256, 0, 128, 128, 0, 128, 128, 128, 0, 128, 128, 0, 0, 128, 128, 512, 128, 128, 0, 0, 0, 128, 0, 0, 0, 128, 128, 0, 0, 128, 0, 256, ]
[256, 0, 512, 512, 0, 0, 0, 128, 0, 0, 128, 0, 0, 0, 512, 512, 512, 512, 0, 128, 0, 128, 0, 0, 0, 0, 128, 0, 0, 0, 0, 256, ]
[256, 0, 512, 512, 128, 128, 0, 128, 0, 0, 128, 128, 128, 0, 0, 0, 0, 0, 0, 0, 0, 0, 128, 128, 128, 0, 128, 0, 128, 128, 128, 256, ]
[256, 0, 0, 0, 0, 0, 0, 0, 0, 0, 0, 0, 0, 0, 0, 0, 0, 0, 0, 0, 128, 0, 0, 0, 0, 0, 128, 0, 0, 0, 128, 256, ]
[256, 512, 128, 128, 128, 128, 0, 0, 0, 0, 0, 0, 0, 0, 0, 128, 0, 0, 128, 0, 128, 0, 0, 0, 0, 0, 128, 0, 0, 0, 0, 256, ]
[256, 128, 128, 0, 128, 512, 512, 128, 128, 128, 0, 0, 0, 128, 128, 128, 64, 0, 128, 0, 0, 0, 0, 0, 128, 128, 128, 128, 128, 0, 0, 256, ]
[256, 0, 0, 0, 0, 0, 0, 0, 0, 128, 0, 128, 0, 128, 512, 128, 128, 128, 128, 0, 128, 0, 0, 128, 0, 0, 0, 128, 512, 128, 0, 256, ]
[256, 128, 128, 0, 0, 0, 0, 128, 0, 128, 128, 128, 128, 128, 512, 0, 128, 512, 128, 0, 128, 0, 0, 0, 0, 128, 0, 0, 0, 0, 0, 256, ]
[256, 512, 512, 0, 0, 0, 0, 128, 0, 128, 512, 512, 512, 128, 512, 0, 128, 512, 128, 0, 128, 128, 128, 128, 128, 128, 0, 128, 0, 0, 0, 256, ]
[256, 0, 128, 128, 0, 0, 0, 0, 128, 0, 128, 0, 0, 0, 128, 0, 0, 64, 128, 0, 0, 0, 0, 0, 0, 128, 0, 128, 128, 128, 128, 256, ]
[256, 0, 0, 64, 0, 128, 0, 0, 0, 0, 128, 0, 0, 0, 128, 128, 128, 0, 128, 128, 128, 128, 128, 128, 0, 128, 0, 128, 512, 512, 0, 256, ]
[256, 128, 128, 0, 128, 128, 0, 0, 0, 128, 128, 0, 128, 128, 128, 512, 128, 128, 512, 512, 128, 512, 1024, 128, 0, 128, 0, 128, 512, 128, 512, 256, ]
[256, 0, 0, 0, 0, 128, 0, 0, 0, 0, 0, 0, 128, 0, 0, 0, 0, 0, 0, 0, 0, 512, 128, 128, 0, 0, 0, 128, 0, 512, 512, 256, ]
[256, 256, 256, 256, 256, 256, 256, 256, 256, 256, 256, 256, 256, 256, 256, 256, 256, 256, 256, 256, 256, 256, 256, 256, 256, 256, 256, 256, 256, 256, 256, 256, ]
On ground: 0
coords: [4, 9], val: 0
COLLISION MAP:
[256, 256, 256, 256, 256, 256, 256, 256, 256, 256, 256, 256, 256, 256, 256, 256, 256, 256, 256, 256, 256, 256, 256, 256, 256, 256, 256, 256, 256, 256, 256, 256, ]
[256, 0, 0, 0, 0, 0, 512, 0, 0, 512, 512, 512, 512, 0, 0, 0, 0, 0, 0, 0, 0, 0, 0, 0, 0, 0, 0, 0, 0, 128, 0, 256, ]
[256, 128, 128, 128, 128, 0, 128, 128, 0, 0, 0, 0, 0, 0, 128, 128, 128, 0, 128, 128, 128, 0, 128, 0, 0, 0, 0, 128, 0, 0, 0, 256, ]
[256, 0, 0, 0, 0, 0, 0, 128, 0, 0, 1024, 0, 512, 0, 0, 128, 0, 0, 0, 0, 0, 0, 0, 0, 0, 0, 128, 128, 128, 128, 128, 256, ]
[256, 0, 128, 512, 128, 0, 512, 128, 0, 128, 128, 128, 512, 128, 0, 512, 512, 512, 512, 0, 128, 128, 0, 0, 0, 128, 128, 512, 128, 512, 128, 256, ]
[256, 512, 128, 0, 128, 0, 128, 0, 0, 0, 128, 0, 512, 128, 128, 512, 0, 128, 128, 0, 0, 128, 0, 0, 0, 0, 128, 512, 128, 512, 128, 256, ]
[256, 512, 128, 0, 0, 0, 128, 128, 0, 0, 128, 0, 128, 128, 0, 128, 0, 512, 0, 0, 128, 128, 128, 0, 128, 128, 128, 512, 0, 512, 512, 256, ]
[256, 0, 0, 0, 0, 0, 0, 128, 0, 128, 0, 0, 0, 0, 0, 128, 0, 512, 128, 128, 0, 0, 0, 0, 0, 0, 0, 512, 1024, 128, 512, 256, ]
[256, 128, 0, 0, 0, 0, 0, 128, 0, 128, 0, 0, 0, 128, 0, 128, 0, 512, 0, 128, 0, 0, 0, 128, 128, 128, 0, 0, 0, 128, 512, 256, ]
[256, 128, 0, 0, 32, 0, 0, 0, 0, 128, 0, 0, 0, 128, 0, 128, 128, 128, 128, 128, 0, 128, 0, 0, 0, 128, 0, 0, 0, 128, 0, 256, ]
[256, 0, 128, 128, 0, 128, 128, 128, 0, 128, 128, 0, 0, 128, 128, 512, 128, 128, 0, 0, 0, 128, 0, 0, 0, 128, 128, 0, 0, 128, 0, 256, ]
[256, 0, 512, 512, 0, 0, 0, 128, 0, 0, 128, 0, 0, 0, 512, 512, 512, 512, 0, 128, 0, 128, 0, 0, 0, 0, 128, 0, 0, 0, 0, 256, ]
[256, 0, 512, 512, 128, 128, 0, 128, 0, 0, 128, 128, 128, 0, 0, 0, 0, 0, 0, 0, 0, 0, 128, 128, 128, 0, 128, 0, 128, 128, 128, 256, ]
[256, 0, 0, 0, 0, 0, 0, 0, 0, 0, 0, 0, 0, 0, 0, 0, 64, 0, 0, 0, 128, 0, 0, 0, 0, 0, 128, 0, 0, 0, 128, 256, ]
[256, 512, 128, 128, 128, 128, 0, 0, 0, 0, 0, 0, 0, 0, 0, 128, 0, 0, 128, 0, 128, 0, 0, 0, 0, 0, 128, 0, 0, 0, 0, 256, ]
[256, 128, 128, 0, 128, 512, 512, 128, 128, 128, 0, 0, 0, 128, 128, 128, 0, 0, 128, 0, 0, 0, 0, 0, 128, 128, 128, 128, 128, 0, 0, 256, ]
[256, 0, 0, 0, 0, 0, 0, 0, 0, 128, 0, 128, 0, 128, 512, 128, 128, 128, 128, 0, 128, 0, 0, 128, 0, 0, 0, 128, 512, 128, 0, 256, ]
[256, 128, 128, 0, 0, 0, 0, 128, 0, 128, 128, 128, 128, 128, 512, 0, 128, 512, 128, 0, 128, 0, 0, 0, 0, 128, 0, 0, 0, 0, 0, 256, ]
[256, 512, 512, 0, 0, 0, 0, 128, 0, 128, 512, 512, 512, 128, 512, 0, 128, 512, 128, 0, 128, 128, 128, 128, 128, 128, 0, 128, 0, 0, 0, 256, ]
[256, 0, 128, 128, 0, 0, 0, 0, 128, 0, 128, 0, 0, 0, 128, 0, 0, 0, 128, 0, 0, 0, 0, 0, 0, 128, 0, 128, 128, 128, 128, 256, ]
[256, 0, 0, 0, 64, 128, 0, 0, 0, 0, 128, 0, 0, 0, 128, 128, 128, 64, 128, 128, 128, 128, 128, 128, 0, 128, 0, 128, 512, 512, 0, 256, ]
[256, 128, 128, 0, 128, 128, 0, 0, 0, 128, 128, 0, 128, 128, 128, 512, 128, 128, 512, 512, 128, 512, 1024, 128, 0, 128, 0, 128, 512, 128, 512, 256, ]
[256, 0, 0, 0, 0, 128, 0, 0, 0, 0, 0, 0, 128, 0, 0, 0, 0, 0, 0, 0, 0, 512, 128, 128, 0, 0, 0, 128, 0, 512, 512, 256, ]
[256, 256, 256, 256, 256, 256, 256, 256, 256, 256, 256, 256, 256, 256, 256, 256, 256, 256, 256, 256, 256, 256, 256, 256, 256, 256, 256, 256, 256, 256, 256, 256, ]
On ground: 0
Destroying Systems...
RETURNING TO WINDOWS...
