010201410101310001210401010301
101010101010101010101010101010
010101010101010101010101010101
301010201410101310001010401110
010101010101010101010101010101
101010101010101010101010101010
110301010201410101010001210401
101010101010101010101010101010
010101010101010101010101010101
401110301010201010101310001210
010101010101010101010101010101
101010101010101010101010101010
210401110301010201410101310001
101010101010101010101010101010
010101010101010101010101010101
001210401010301010201410101310
010101010101010101010101010101
101010101010101010101010101010
310001010401110301010201410101
101010101010101010101010101010
010101010101010101010101010101
101010001210401110301010201010
010101010101010101010101010101
101010101010101010101010101010
010101310001210401110301010201
101010101010101010101010101010
010101010101010101010101010101
201410101310001210401010301010
010101010101010101010101010101
101010101010101010101010101010
